0.000000000000000000e+00 2.500000000000000000e+00
1.000000000000000000e+00 0.000000000000000000e+00
8.090169943749474513e-01 5.877852522924731371e-01
0.000000000000000000e+00 2.500000000000000000e+00
8.090169943749474513e-01 5.877852522924731371e-01
3.090169943749474513e-01 9.510565162951535312e-01
0.000000000000000000e+00 2.500000000000000000e+00
3.090169943749474513e-01 9.510565162951535312e-01
-3.090169943749473402e-01 9.510565162951536422e-01
0.000000000000000000e+00 2.500000000000000000e+00
-3.090169943749473402e-01 9.510565162951536422e-01
-8.090169943749473402e-01 5.877852522924732481e-01
0.000000000000000000e+00 2.500000000000000000e+00
-8.090169943749473402e-01 5.877852522924732481e-01
-1.000000000000000000e+00 1.224646799147353207e-16
0.000000000000000000e+00 2.500000000000000000e+00
-1.000000000000000000e+00 1.224646799147353207e-16
-8.090169943749474513e-01 -5.877852522924730261e-01
0.000000000000000000e+00 2.500000000000000000e+00
-8.090169943749474513e-01 -5.877852522924730261e-01
-3.090169943749475623e-01 -9.510565162951535312e-01
0.000000000000000000e+00 2.500000000000000000e+00
-3.090169943749475623e-01 -9.510565162951535312e-01
3.090169943749472292e-01 -9.510565162951536422e-01
0.000000000000000000e+00 2.500000000000000000e+00
3.090169943749472292e-01 -9.510565162951536422e-01
8.090169943749473402e-01 -5.877852522924733591e-01
0.000000000000000000e+00 2.500000000000000000e+00
8.090169943749473402e-01 -5.877852522924733591e-01
1.000000000000000000e+00 0.000000000000000000e+00
0.000000000000000000e+00 2.000000000000000000e+00
8.000000000000000444e-01 0.000000000000000000e+00
6.472135954999580498e-01 4.702282018339785097e-01
0.000000000000000000e+00 2.000000000000000000e+00
6.472135954999580498e-01 4.702282018339785097e-01
2.472135954999579721e-01 7.608452130361228472e-01
0.000000000000000000e+00 2.000000000000000000e+00
2.472135954999579721e-01 7.608452130361228472e-01
-2.472135954999578888e-01 7.608452130361229582e-01
0.000000000000000000e+00 2.000000000000000000e+00
-2.472135954999578888e-01 7.608452130361229582e-01
-6.472135954999579388e-01 4.702282018339786207e-01
0.000000000000000000e+00 2.000000000000000000e+00
-6.472135954999579388e-01 4.702282018339786207e-01
-8.000000000000000444e-01 9.797174393178826150e-17
0.000000000000000000e+00 2.000000000000000000e+00
-8.000000000000000444e-01 9.797174393178826150e-17
-6.472135954999580498e-01 -4.702282018339784542e-01
0.000000000000000000e+00 2.000000000000000000e+00
-6.472135954999580498e-01 -4.702282018339784542e-01
-2.472135954999580554e-01 -7.608452130361228472e-01
0.000000000000000000e+00 2.000000000000000000e+00
-2.472135954999580554e-01 -7.608452130361228472e-01
2.472135954999578056e-01 -7.608452130361229582e-01
0.000000000000000000e+00 2.000000000000000000e+00
2.472135954999578056e-01 -7.608452130361229582e-01
6.472135954999579388e-01 -4.702282018339787317e-01
0.000000000000000000e+00 2.000000000000000000e+00
6.472135954999579388e-01 -4.702282018339787317e-01
8.000000000000000444e-01 0.000000000000000000e+00
