0.000000000000000000e+00 0.000000000000000000e+00
1.000000000000000000e+00 0.000000000000000000e+00
8.090169943749474513e-01 5.877852522924731371e-01
0.000000000000000000e+00 0.000000000000000000e+00
8.090169943749474513e-01 5.877852522924731371e-01
3.090169943749474513e-01 9.510565162951535312e-01
0.000000000000000000e+00 0.000000000000000000e+00
3.090169943749474513e-01 9.510565162951535312e-01
-3.090169943749473402e-01 9.510565162951536422e-01
0.000000000000000000e+00 0.000000000000000000e+00
-3.090169943749473402e-01 9.510565162951536422e-01
-8.090169943749473402e-01 5.877852522924732481e-01
0.000000000000000000e+00 0.000000000000000000e+00
-8.090169943749473402e-01 5.877852522924732481e-01
-1.000000000000000000e+00 1.224646799147353207e-16
0.000000000000000000e+00 0.000000000000000000e+00
-1.000000000000000000e+00 1.224646799147353207e-16
-8.090169943749474513e-01 -5.877852522924730261e-01
0.000000000000000000e+00 0.000000000000000000e+00
-8.090169943749474513e-01 -5.877852522924730261e-01
-3.090169943749475623e-01 -9.510565162951535312e-01
0.000000000000000000e+00 0.000000000000000000e+00
-3.090169943749475623e-01 -9.510565162951535312e-01
3.090169943749472292e-01 -9.510565162951536422e-01
0.000000000000000000e+00 0.000000000000000000e+00
3.090169943749472292e-01 -9.510565162951536422e-01
8.090169943749473402e-01 -5.877852522924733591e-01
0.000000000000000000e+00 0.000000000000000000e+00
8.090169943749473402e-01 -5.877852522924733591e-01
1.000000000000000000e+00 0.000000000000000000e+00
